   3
   1 240 241 241 242 741 
Cu
   1
   1   -0.050000
DMAN
  24 
   1    0.033897
   2   -0.168224
   3   -0.004499
   4    0.659108
   5    0.037770
   6   -0.167723
   7   -0.004495
   8    0.141677
   9    0.129985
  10    0.154370
  11    0.129075
  12    0.124539
  13    0.283486
  14    0.128848
  15    0.142883
  16    0.136111
  17    0.154771
  18    0.130144
  19    0.124497
  20    0.136461
  21    0.282390
  22   -0.442660
  23   -0.565542
  24   -0.576871
H2O
   3
   1   -0.619767
   2    0.309884
   3    0.309883
