   3
   1 240 241 241 242 741 
Cu
   1
   1   -0.000000
DMAN
  35 
   1   -0.068302
   2   -0.090197
   3    0.140095
   4   -0.024135
   5    0.010387
   6   -0.067649
   7   -0.067259
   8   -0.069069
   9   -0.089075
  10    0.148507
  11   -0.107326
  12   -0.103643
  13   -0.103538
  14   -0.102116
  15    0.139262
  16    0.118422
  17    0.133021
  18    0.133022
  19    0.138938
  20    0.119962
  21    0.109451
  22    0.118301
  23    0.123161
  24    0.116344
  25    0.116154
  26    0.111663
  27    0.119718
  28    0.112212
  29    0.121566
  30    0.111788
  31    0.115664
  32    0.119473
  33    0.264524
  34   -0.464019
  35   -0.385307
H2O
   3
   1   -0.619767
   2    0.309884
   3    0.309883
