   3
   1 240 241 241 242 741 
Cu
   1
   1   -0.100000
DMAN
  56
   1   -0.118778
   2   -0.114541
   3    0.190863
   4    0.003187
   5   -0.005853
   6   -0.109973
   7   -0.109595
   8   -0.119614
   9   -0.117862
  10    0.191208
  11    0.495587
  12    0.504044
  13   -0.134285
  14   -0.112808
  15   -0.131350
  16   -0.130825
  17   -0.118121
  18   -0.132043
  19   -0.119948
  20   -0.107410
  21    0.075614
  22    0.098066
  23    0.079544
  24    0.079515
  25    0.075099
  26    0.103237
  27    0.069349
  28    0.071981
  29    0.088906
  30    0.088493
  31    0.071037
  32    0.070107
  33    0.094754
  34    0.065257
  35    0.103120
  36    0.088902
  37    0.069455
  38    0.072028
  39    0.070499
  40    0.090104
  41    0.070128
  42    0.106971
  43    0.088488
  44    0.065607
  45    0.081119
  46    0.068476
  47    0.105597
  48    0.062946
  49    0.106959
  50    0.103551
  51   -0.356784
  52   -0.361780
  53   -0.358426
  54   -0.373734
  55   -0.358723
  56   -0.377345
H2O
   3
   1   -0.619767
   2    0.309884
   3    0.309883
