   3
   1 240 241 241 242 741 
Cu
   1
   1   -0.100000
DMAN
  57 
   1   -0.093430
   2   -0.097363
   3    0.205781
   4   -0.019578
   5   -0.001640
   6   -0.084903
   7   -0.084394
   8   -0.094374
   9   -0.105044
  10    0.213562
  11    0.528265
  12    0.569069
  13   -0.108306
  14   -0.080802
  15   -0.100755
  16   -0.098160
  17   -0.093517
  18   -0.102152
  19   -0.087280
  20   -0.099925
  21    0.117150
  22    0.117727
  23    0.115099
  24    0.115101
  25    0.116061
  26    0.119516
  27    0.097913
  28    0.104103
  29    0.108252
  30    0.102891
  31    0.102690
  32    0.094302
  33    0.098519
  34    0.103943
  35    0.133467
  36    0.104288
  37    0.101103
  38    0.098104
  39    0.103446
  40    0.109119
  41    0.096993
  42    0.105615
  43    0.105275
  44    0.101478
  45    0.099063
  46    0.103191
  47    0.127323
  48    0.105526
  49    0.103605
  50    0.090941
  51    0.284911
  52   -0.442327
  53   -0.575070
  54   -0.396394
  55   -0.410224
  56   -0.406531
  57   -0.421223
H2O
   3
   1   -0.619767
   2    0.309884
   3    0.309883
