   3
   1 240 241 241 242 741 
Cu
   1
   1   -0.025000
DMAN
  27 
   1   -0.060177
   2   -0.088815
   3    0.138496
   4   -0.002156
   5    0.018610
   6   -0.063955
   7   -0.059587
   8   -0.050327
   9   -0.050941
  10   -0.078930
  11   -0.098819
  12   -0.097628
  13    0.152653
  14    0.123626
  15    0.144013
  16    0.141583
  17    0.150147
  18    0.148977
  19    0.116045
  20    0.135587
  21    0.129361
  22    0.132501
  23    0.125793
  24    0.124906
  25    0.114930
  26    0.227483
  27   -0.473377
H2O
   3
   1   -0.619767
   2    0.309884
   3    0.309883
