   3
   1 240 241 241 242 741 
Cu
   1
   1   -0.100000
DMAN
  34 
   1   -0.110688
   2   -0.107077
   3    0.148936
   4   -0.004749
   5    0.010465
   6   -0.101397
   7   -0.101377
   8   -0.110640
   9   -0.106853
  10    0.149241
  11   -0.144808
  12   -0.140845
  13   -0.145001
  14   -0.139793
  15    0.076217
  16    0.083444
  17    0.079377
  18    0.079414
  19    0.076225
  20    0.083509
  21    0.076868
  22    0.093963
  23    0.074921
  24    0.071875
  25    0.087455
  26    0.077720
  27    0.074535
  28    0.076854
  29    0.094446
  30    0.078601
  31    0.071008
  32    0.088400
  33   -0.270092
  34   -0.270155
H2O
   3
   1   -0.619767
   2    0.309884
   3    0.309883
