   3
   1 240 241 241 242 741 
Cu
   1
   1   -0.100000
DMAN
  23 
   1   -0.007698
   2   -0.179443
   3   -0.028037
   4    0.592588
   5    0.002390
   6   -0.188816
   7   -0.029915
   8    0.084715
   9    0.055034
  10    0.099056
  11    0.075036
  12    0.068476
  13    0.075764
  14    0.070829
  15    0.073502
  16    0.101807
  17    0.054908
  18    0.069150
  19    0.082420
  20    0.222352
  21   -0.386333
  22   -0.508474
  23   -0.399309
H2O
   3
   1   -0.619767
   2    0.309884
   3    0.309883
