   3
   1 240 241 241 242 741 
Cu
   1
   1   -0.100000
DMAN
  26
   1   -0.106405
   2   -0.103492
   3    0.147139
   4    0.012092
   5    0.023444
   6   -0.101240
   7   -0.096334
   8   -0.092918
   9   -0.095803
  10   -0.086275
  11   -0.144925
  12   -0.142591
  13    0.080345
  14    0.085942
  15    0.082764
  16    0.081439
  17    0.079576
  18    0.079186
  19    0.075474
  20    0.090208
  21    0.079164
  22    0.085069
  23    0.075326
  24    0.091026
  25    0.095837
  26   -0.294046
H2O
   3
   1   -0.619767
   2    0.309884
   3    0.309883
